1 100000000 0 0 0.00909632 0 0 0.00016807
2 25000000 2.28878e-16 1.5896e-15 0.0134227 2.28878e-16 1.5896e-15 0.00301484
3 12895092 2.48253e-16 1.44229e-13 0.0142661 3.51083e-16 1.41685e-09 0.00670744
4 8333332 1.57009e-16 1.57009e-16 0.0147637 1.57009e-16 1.57009e-16 0.00470172
5 6020598 2.16778e-16 4.47545e-16 0.0176072 2.00148e-16 5.97873e-16 0.0131681
6 4649048 4.71028e-16 2.9357e-11 0.0181226 3.77517e-16 9.28616e-10 0.0268059
7 3752136 2.48253e-16 6.90952e-14 0.0202375 4.00297e-16 3.14411e-15 0.0223926
8 3125000 2.22045e-16 5.81173e-15 0.0186595 2.37144e-16 1.25799e-15 0.0135421
9 2664582 2.48253e-16 1.55475e-13 0.0280389 2.48253e-16 3.98708e-10 0.0342057
10 2313782 2.28878e-16 1.02358e-15 0.0246873 2.27295e-16 2.58052e-15 0.0425109
11 2038580 2.48253e-16 4.34639e-15 0.0310191 2.77556e-16 9.13239e-14 0.0375649
12 1817534 3.14018e-16 2.45697e-10 0.0261376 4.44956e-16 3.58549e-10 0.0410078
13 1636506 3.51083e-16 5.57438e-15 0.0379846 2.6074e-16 2.09091e-14 0.0480237
14 1485818 2.48253e-16 1.81724e-14 0.0341556 3.33067e-16 1.78033e-12 0.0710248
15 1358632 3.33067e-16 1.98614e-10 0.0369489 3.7238e-16 1.86984e-10 0.0611704
16 1250000 2.48253e-16 5.55112e-16 0.0424416 2.48253e-16 5.97873e-16 0.0601184
17 1156244 2.48253e-16 7.09323e-11 0.139408 3.24871e-16 3.15262e-13 0.0762737
18 1074590 3.50053e-16 9.40367e-11 0.0722099 4.47545e-16 2.18046e-10 0.0896379
19 1002902 5.66105e-16 1.618e-10 0.167749 5.97873e-16 2.16858e-10 0.0930819
20 939508 4.4659e-16 2.46326e-15 0.0477122 3.46712e-16 4.46173e-14 0.0767849
21 883090 2.65588e-16 3.95062e-12 0.0863298 4.57757e-16 8.602e-11 0.105707
22 832586 4.71028e-16 1.19175e-10 0.0885074 5.06159e-16 9.56999e-11 0.132582
23 787140 3.55445e-16 3.60538e-11 0.237415 3.7238e-16 6.25573e-11 0.137451
24 746050 4.44956e-16 1.12227e-10 0.0669754 5.55112e-16 2.17149e-10 0.0926278
25 708734 4.47545e-16 5.73816e-11 0.0981482 4.57757e-16 3.76984e-11 0.109555
26 674710 2.48253e-16 4.01321e-11 0.102936 4.77525e-16 3.41982e-11 0.138325
27 643574 2.48253e-16 2.81142e-11 0.11901 4.91046e-16 1.24142e-10 0.143827
28 614982 4.00297e-16 5.26121e-11 0.0862903 2.48253e-16 2.74033e-11 0.150736
29 588644 3.37661e-16 2.09831e-11 0.363836 3.51083e-16 2.58576e-11 0.226322
30 564312 4.51828e-16 6.53884e-11 0.123954 3.44717e-16 6.61601e-11 0.188759
31 541770 2.73361e-16 2.83359e-11 0.406999 4.00297e-16 3.67692e-11 0.261229
32 520832 4.00297e-16 5.2451e-11 0.0860277 4.33556e-16 6.24815e-11 0.129806
33 501340 3.46945e-16 5.40494e-11 0.141591 6.83402e-16 1.00235e-10 0.243866
34 483152 5.66105e-16 7.51817e-11 0.35038 7.1089e-16 7.80268e-11 0.252049
35 466146 4.47545e-16 4.40275e-11 0.154312 3.51083e-16 3.36737e-11 0.208832
36 450212 4.00297e-16 6.30039e-11 0.201994 5.55112e-16 6.98001e-11 0.196863
38 421192 3.55445e-16 2.84266e-11 0.39783 3.7238e-16 3.27299e-11 0.301827
39 407944 3.33067e-16 4.18981e-11 0.17609 4.00297e-16 3.10952e-11 0.240006
40 395448 4.57757e-16 4.52112e-11 0.162575 3.51083e-16 2.45825e-11 0.202977
42 372470 4.47545e-16 1.46261e-11 0.243201 4.00297e-16 4.53237e-11 0.308312
44 351846 4.44089e-16 2.31548e-11 0.1809 5.55112e-16 3.17395e-11 0.324284
45 342308 4.57757e-16 2.87281e-11 0.210214 4.47545e-16 3.98552e-11 0.283569
46 333240 4.74287e-16 2.71427e-11 0.558624 4.17489e-16 3.81149e-11 0.428286
48 316376 5.55112e-16 5.36328e-11 0.200164 8.00593e-16 8.18968e-11 0.23174
49 308526 4.33556e-16 2.95548e-11 0.208423 3.85593e-16 1.9929e-11 0.29615
50 301028 3.51083e-16 2.60886e-11 0.213462 4.78938e-16 2.56676e-11 0.352167
51 293862 5.55112e-16 5.68991e-11 0.523504 4.57757e-16 3.97575e-11 0.378708
52 287006 3.7238e-16 1.09376e-11 0.222863 3.51083e-16 9.47541e-12 0.315638
54 274148 4.96507e-16 2.21921e-11 0.310967 5.55112e-16 5.50511e-11 0.367652
55 268114 4.33556e-16 2.41732e-11 0.265577 5.66105e-16 2.71975e-11 0.441562
56 262320 4.17777e-16 1.43749e-11 0.230684 4.57757e-16 2.78778e-11 0.33864
57 256754 4.33556e-16 2.09595e-11 0.619137 4.96507e-16 2.79865e-11 0.46411
58 251404 5.66105e-16 4.52531e-11 0.803492 5.66105e-16 4.05032e-11 0.626891
60 241304 5.02866e-16 4.99833e-11 0.248164 7.77156e-16 5.46e-11 0.373707
62 231932 4.31343e-16 1.40342e-11 0.905326 4.46037e-16 1.43709e-11 0.689612
63 227494 6.776e-16 6.31187e-11 0.290786 6.75322e-16 5.27425e-11 0.463775
64 223214 4.00297e-16 2.38084e-11 0.245598 4.00297e-16 2.2904e-12 0.342868
65 219080 4.57757e-16 2.56947e-11 0.339324 4.57757e-16 1.99356e-11 0.444865
66 215086 5.55112e-16 4.29501e-11 0.367002 5.66105e-16 2.89169e-11 0.610886
68 207490 4.71845e-16 2.19171e-11 0.68331 3.51083e-16 1.47257e-11 0.538571
69 203878 5.90092e-16 2.00145e-11 0.845511 5.55112e-16 2.52689e-11 0.655632
70 200380 5.5788e-16 1.28677e-11 0.317701 4.74287e-16 7.06507e-12 0.567058
72 193710 5.27356e-16 3.68004e-11 0.325786 6.32925e-16 5.58236e-11 0.40764
75 184446 5.97873e-16 4.18552e-11 0.347571 7.02167e-16 4.61733e-11 0.538401
76 181540 6.68443e-16 3.27202e-11 0.810119 5.97873e-16 4.52983e-11 0.642206
77 178716 4.00297e-16 1.45425e-11 0.381924 4.57757e-16 1.30098e-11 0.621942
78 175974 6.47366e-16 4.84378e-11 0.438212 8.00593e-16 3.73835e-11 0.617591
80 170720 5.23691e-16 1.35332e-11 0.340077 4.57757e-16 9.54999e-12 0.431748
81 168200 6.75322e-16 3.03463e-11 0.42242 7.5758e-16 3.80307e-11 0.612152
84 161042 4.57757e-16 7.19042e-12 0.481663 5.55112e-16 3.36393e-11 0.60696
85 158780 7.02167e-16 2.26183e-11 0.922207 5.33167e-16 2.11541e-11 0.659598
87 154430 5.5788e-16 1.33944e-11 1.23004 5.55112e-16 1.43817e-11 0.953493
88 152338 5.55112e-16 2.58516e-11 0.414663 4.96507e-16 1.75273e-11 0.706508
90 148308 6.28037e-16 3.02493e-11 0.587264 5.61418e-16 2.48925e-11 0.671569
91 146368 4.30882e-16 9.8367e-12 0.471777 5.08401e-16 1.04993e-11 0.615947
92 144472 5.55112e-16 1.25906e-11 1.12231 5.8813e-16 1.85092e-11 0.910612
93 142624 4.91046e-16 2.10162e-11 1.37736 6.71318e-16 1.81552e-11 1.04889
95 139054 5.55112e-16 1.59648e-11 1.10186 5.72196e-16 1.34465e-11 0.791275
96 137332 5.66105e-16 2.67381e-11 0.39063 7.8945e-16 3.85565e-11 0.597195
98 134004 4.74287e-16 1.29212e-11 0.441188 4.74287e-16 1.02384e-11 0.888354
99 132396 4.00297e-16 9.56424e-12 0.521964 5.55112e-16 1.85554e-11 0.916455
100 130824 6.47366e-16 2.34105e-11 0.4515 5.11788e-16 1.09436e-11 0.628157
102 127780 5.55285e-16 2.38757e-11 1.18393 6.66134e-16 2.86567e-11 0.956049
104 124866 6.28037e-16 1.43422e-11 0.517186 5.55112e-16 1.32437e-11 0.706862
105 123456 6.75322e-16 2.58647e-11 0.69688 6.69055e-16 2.68882e-11 0.870472
108 119398 5.72196e-16 1.14604e-11 0.63558 8.08255e-16 2.09059e-11 0.772643
110 116828 4.74287e-16 1.50917e-11 0.568939 6.66134e-16 1.727e-11 1.11628
112 114360 6.47366e-16 1.57428e-11 0.494675 5.11788e-16 1.40225e-11 0.662714
114 111988 4.71028e-16 1.19739e-11 1.36999 6.49741e-16 1.8035e-11 1.14431
115 110836 5.79553e-16 1.2604e-11 1.51619 6.49741e-16 1.35457e-11 1.13589
116 109706 5.97873e-16 9.33266e-12 1.60858 4.74287e-16 8.8312e-12 1.31725
117 108596 6.47366e-16 2.19336e-11 0.653615 5.66105e-16 1.51464e-11 0.950486
119 106440 5.97873e-16 1.14352e-11 1.3099 6.49741e-16 1.12839e-11 0.943828
120 105392 6.75322e-16 1.5855e-11 0.529281 6.20634e-16 1.56972e-11 0.740844
121 104364 4.71028e-16 6.36733e-12 0.754024 6.28037e-16 1.54531e-11 1.35931
124 101386 5.55112e-16 9.20342e-12 1.80911 5.97873e-16 1.21721e-11 1.4617
125 100428 5.79553e-16 1.27772e-11 0.729697 8.08255e-16 9.97712e-12 0.977178
126 99488 5.92382e-16 1.17002e-11 0.626468 5.71901e-16 1.36715e-11 1.02623
128 97656 5.55112e-16 1.22602e-11 0.527976 6.20634e-16 1.07133e-11 0.84384
256 43402 4.96507e-16 6.38523e-12 1.13403 5.66105e-16 4.97584e-12 1.7748
480 21028 7.55033e-16 4.62297e-12 2.70254 8.08255e-16 4.1638e-12 3.83489
512 19530 7.4476e-16 3.31269e-12 2.40594 6.47366e-16 2.52076e-12 3.69201
640 15136 6.28037e-16 2.50864e-12 3.21763 7.4476e-16 2.74691e-12 5.40632
720 13236 8.00593e-16 2.65869e-12 5.9144 7.85046e-16 3.19879e-12 6.09565
882 10512 8.67112e-16 2.21498e-12 6.15687 1.02358e-15 3.46607e-12 9.30156
1024 8876 7.02167e-16 1.67712e-12 5.31242 7.85046e-16 1.66579e-12 8.75214
1080 8358 7.94799e-16 1.43405e-12 8.98074 9.42055e-16 2.19429e-12 9.96506
1280 6900 6.66712e-16 9.63932e-13 7.1887 7.21645e-16 1.10089e-12 11.3796
1920 4374 8.9509e-16 1.09626e-12 12.9504 7.663e-16 1.00861e-12 18.9483
4096 1878 8.45521e-16 4.09533e-13 35.123 1.00535e-15 4.77129e-13 39.2151
8192 870 8.98955e-16 2.05734e-13 87.0529 1.03703e-15 1.57931e-13 98.9701
16384 406 1.02358e-15 1.18705e-13 186.406 9.93014e-16 1.03113e-13 230.441
32768 190 1.14439e-15 6.38278e-14 409.158 1.09344e-15 4.96131e-14 495.858
65536 88 1.11022e-15 2.82939e-14 840.182 1.12264e-15 2.96961e-14 1155.26
